553.00 -38.00 -3.00 76.00 0.00 0.00 14.00 -22.00 10.00 -67.00 0.00 0.00 0.00 0.00 -13.00 6.00 -1.00 -3.00 -16.00 -4.00 10.00 -23.00 -22.00 3.00 4.00 -11.00 -30.00 -13.00 0.00 0.00 0.00 0.00 0.00 0.00 0.00 0.00 0.00 0.00 0.00 0.00 
557.00 -49.00 8.00 -69.00 0.00 0.00 14.00 -22.00 -82.00 72.00 -3.00 -6.00 -10.00 -1.00 -13.00 6.00 -9.00 -20.00 -14.00 13.00 10.00 -23.00 -22.00 3.00 4.00 -11.00 -30.00 -13.00 0.00 0.00 0.00 0.00 0.00 0.00 0.00 0.00 0.00 0.00 0.00 0.00 
557.00 -49.00 8.00 -69.00 0.00 0.00 14.00 -22.00 -82.00 72.00 -3.00 -6.00 -10.00 -1.00 -13.00 6.00 -9.00 -20.00 -14.00 13.00 10.00 -23.00 -22.00 3.00 -28.00 71.00 -30.00 -13.00 0.00 0.00 0.00 0.00 0.00 0.00 0.00 0.00 0.00 0.00 0.00 0.00 
557.00 -49.00 8.00 -69.00 0.00 0.00 14.00 -22.00 -82.00 72.00 -3.00 -6.00 -10.00 -1.00 -13.00 6.00 -9.00 -20.00 -14.00 13.00 10.00 -23.00 -22.00 3.00 2.00 3.00 -30.00 -13.00 0.00 0.00 0.00 0.00 0.00 0.00 0.00 0.00 0.00 0.00 0.00 0.00 
557.00 -49.00 33.00 11.00 0.00 0.00 14.00 -22.00 -82.00 72.00 -3.00 -6.00 -10.00 -1.00 -13.00 6.00 -9.00 -20.00 -14.00 13.00 10.00 -23.00 -22.00 3.00 2.00 3.00 -30.00 -13.00 0.00 0.00 0.00 0.00 0.00 0.00 0.00 0.00 0.00 0.00 0.00 0.00 
557.00 -49.00 33.00 11.00 0.00 0.00 22.00 -98.00 -82.00 72.00 -3.00 -6.00 -10.00 -1.00 -13.00 6.00 -9.00 -20.00 -14.00 13.00 10.00 -23.00 -22.00 3.00 2.00 3.00 -30.00 -13.00 0.00 0.00 0.00 0.00 0.00 0.00 0.00 0.00 0.00 0.00 0.00 0.00 
557.00 -49.00 33.00 11.00 0.00 0.00 22.00 -98.00 -15.00 32.00 -3.00 -6.00 -10.00 -1.00 -13.00 6.00 -9.00 -20.00 -14.00 13.00 10.00 -23.00 -22.00 3.00 2.00 3.00 -30.00 -13.00 0.00 0.00 0.00 0.00 0.00 0.00 0.00 0.00 0.00 0.00 0.00 0.00 
557.00 -49.00 33.00 11.00 0.00 0.00 22.00 -98.00 -15.00 32.00 -80.00 38.00 -10.00 -1.00 -13.00 6.00 -9.00 -20.00 -14.00 13.00 10.00 -23.00 -22.00 3.00 2.00 3.00 -30.00 -13.00 0.00 0.00 0.00 0.00 0.00 0.00 0.00 0.00 0.00 0.00 0.00 0.00 
557.00 -49.00 33.00 11.00 0.00 0.00 22.00 -98.00 -15.00 32.00 -80.00 38.00 -10.00 -1.00 -13.00 6.00 -6.00 -14.00 -28.00 -9.00 10.00 -23.00 -22.00 3.00 2.00 3.00 -30.00 -13.00 0.00 0.00 0.00 0.00 0.00 0.00 0.00 0.00 0.00 0.00 0.00 0.00 
557.00 -49.00 33.00 11.00 0.00 0.00 22.00 -98.00 -15.00 32.00 -80.00 38.00 -10.00 -1.00 -13.00 6.00 -6.00 -14.00 -28.00 -9.00 17.00 -66.00 -22.00 3.00 2.00 3.00 -30.00 -13.00 0.00 0.00 0.00 0.00 0.00 0.00 0.00 0.00 0.00 0.00 0.00 0.00 
567.00 -52.00 33.00 11.00 0.00 0.00 22.00 -98.00 -15.00 32.00 -80.00 38.00 -10.00 -1.00 -13.00 6.00 -6.00 -14.00 -28.00 -9.00 17.00 -66.00 -22.00 3.00 2.00 3.00 -30.00 -13.00 0.00 0.00 0.00 0.00 0.00 0.00 0.00 0.00 0.00 0.00 0.00 0.00 
567.00 -52.00 -47.00 -73.00 0.00 0.00 96.00 -89.00 -15.00 32.00 -80.00 38.00 -10.00 -1.00 -13.00 6.00 -6.00 -14.00 -28.00 -9.00 17.00 -66.00 -22.00 3.00 2.00 3.00 -30.00 -13.00 0.00 0.00 0.00 0.00 0.00 0.00 0.00 0.00 0.00 0.00 0.00 0.00 
546.00 -46.00 -47.00 -73.00 0.00 0.00 96.00 -89.00 -15.00 32.00 -80.00 38.00 -10.00 -1.00 -13.00 6.00 -6.00 -14.00 -28.00 -9.00 17.00 -66.00 37.00 -24.00 2.00 3.00 -30.00 -13.00 0.00 0.00 0.00 0.00 0.00 0.00 0.00 0.00 0.00 0.00 0.00 0.00 
546.00 -46.00 -47.00 -73.00 0.00 0.00 96.00 -100.00 -14.00 33.00 -80.00 38.00 13.00 50.00 -13.00 6.00 -6.00 -14.00 -28.00 -9.00 17.00 -66.00 37.00 -24.00 2.00 3.00 -30.00 -13.00 0.00 0.00 0.00 0.00 0.00 0.00 0.00 0.00 0.00 0.00 0.00 0.00 
546.00 -46.00 -47.00 -73.00 0.00 0.00 96.00 -100.00 -14.00 33.00 41.00 2.00 13.00 50.00 -13.00 6.00 -6.00 -14.00 -28.00 -9.00 17.00 -66.00 37.00 -24.00 2.00 3.00 -30.00 -13.00 0.00 0.00 0.00 0.00 0.00 0.00 0.00 0.00 0.00 0.00 0.00 0.00 
546.00 -46.00 -6.00 69.00 0.00 0.00 96.00 -100.00 -14.00 33.00 41.00 2.00 13.00 50.00 -13.00 6.00 -6.00 -14.00 -28.00 -9.00 17.00 -66.00 37.00 -24.00 2.00 3.00 -30.00 -13.00 0.00 0.00 0.00 0.00 0.00 0.00 0.00 0.00 0.00 0.00 0.00 0.00 
567.00 -52.00 -47.00 -73.00 0.00 0.00 96.00 -89.00 -15.00 32.00 -80.00 38.00 -10.00 -1.00 -13.00 6.00 -6.00 -14.00 -28.00 -9.00 17.00 -66.00 33.00 -22.00 -15.00 2.00 -30.00 -13.00 0.00 0.00 0.00 0.00 0.00 0.00 0.00 0.00 0.00 0.00 0.00 0.00 
567.00 -52.00 -47.00 -73.00 0.00 0.00 96.00 -89.00 -15.00 32.00 -80.00 38.00 -10.00 -1.00 -13.00 6.00 -6.00 -14.00 -28.00 -9.00 17.00 -66.00 33.00 -22.00 -15.00 2.00 -30.00 -13.00 0.00 0.00 0.00 0.00 0.00 0.00 0.00 0.00 0.00 0.00 0.00 0.00 
567.00 -52.00 -16.00 -9.00 0.00 0.00 152.00 -27.00 -15.00 32.00 -80.00 38.00 -10.00 -1.00 -13.00 6.00 -6.00 -14.00 -28.00 -9.00 17.00 -66.00 33.00 -22.00 -15.00 2.00 -30.00 -13.00 0.00 0.00 0.00 0.00 0.00 0.00 0.00 0.00 0.00 0.00 0.00 0.00 
543.00 -35.00 -16.00 -9.00 0.00 0.00 152.00 -27.00 -15.00 32.00 -80.00 38.00 -10.00 -1.00 -13.00 6.00 -6.00 -14.00 -28.00 -9.00 17.00 -66.00 33.00 -22.00 -15.00 2.00 -30.00 -13.00 0.00 0.00 0.00 0.00 0.00 0.00 0.00 0.00 0.00 0.00 0.00 0.00 
543.00 -35.00 -21.00 58.00 0.00 0.00 99.00 98.00 -15.00 32.00 -80.00 38.00 -10.00 -1.00 -13.00 6.00 -6.00 -14.00 -28.00 -9.00 17.00 -66.00 33.00 -22.00 -15.00 2.00 -30.00 -13.00 0.00 0.00 0.00 0.00 0.00 0.00 0.00 0.00 0.00 0.00 0.00 0.00 
543.00 -35.00 -21.00 58.00 0.00 0.00 101.00 85.00 -74.00 32.00 -80.00 38.00 -10.00 -1.00 -13.00 6.00 -6.00 -14.00 -28.00 -9.00 17.00 -66.00 33.00 -22.00 -15.00 2.00 -30.00 -13.00 0.00 0.00 0.00 0.00 0.00 0.00 0.00 0.00 0.00 0.00 0.00 0.00 
543.00 -35.00 -21.00 58.00 0.00 0.00 101.00 85.00 -74.00 32.00 -80.00 38.00 -22.00 -11.00 -13.00 6.00 35.00 -6.00 -33.00 1.00 43.00 1.00 33.00 -22.00 -15.00 2.00 -30.00 -13.00 0.00 0.00 0.00 0.00 0.00 0.00 0.00 0.00 0.00 0.00 0.00 0.00 
543.00 -35.00 -21.00 58.00 0.00 0.00 100.00 79.00 10.00 19.00 -77.00 100.00 -22.00 -11.00 -13.00 6.00 35.00 -6.00 -33.00 1.00 43.00 1.00 33.00 -22.00 -15.00 2.00 -30.00 -13.00 0.00 0.00 0.00 0.00 0.00 0.00 0.00 0.00 0.00 0.00 0.00 0.00 
543.00 -35.00 -21.00 58.00 0.00 0.00 100.00 79.00 10.00 19.00 -6.00 -13.00 -22.00 -11.00 -13.00 6.00 35.00 -6.00 -33.00 1.00 43.00 1.00 33.00 -22.00 -15.00 2.00 -30.00 -13.00 0.00 0.00 0.00 0.00 0.00 0.00 0.00 0.00 0.00 0.00 0.00 0.00 
543.00 -35.00 -21.00 54.00 0.00 0.00 100.00 79.00 30.00 -60.00 -6.00 -13.00 -22.00 -11.00 -13.00 6.00 35.00 -6.00 -33.00 1.00 43.00 1.00 33.00 -22.00 -15.00 2.00 -30.00 -13.00 0.00 0.00 0.00 0.00 0.00 0.00 0.00 0.00 0.00 0.00 0.00 0.00 
543.00 -35.00 -12.00 68.00 0.00 0.00 29.00 13.00 30.00 -60.00 -6.00 -13.00 -32.00 -5.00 -13.00 6.00 35.00 -6.00 -33.00 1.00 44.00 1.00 20.00 2.00 -15.00 2.00 -30.00 -13.00 0.00 0.00 0.00 0.00 0.00 0.00 0.00 0.00 0.00 0.00 0.00 0.00 
543.00 -35.00 -12.00 68.00 0.00 0.00 29.00 13.00 30.00 -60.00 -6.00 -13.00 -32.00 -5.00 -3.00 -19.00 35.00 -6.00 -33.00 1.00 44.00 1.00 20.00 2.00 -15.00 2.00 -30.00 -13.00 0.00 0.00 0.00 0.00 0.00 0.00 0.00 0.00 0.00 0.00 0.00 0.00 
543.00 -35.00 -12.00 68.00 0.00 0.00 29.00 13.00 30.00 -60.00 -6.00 -13.00 -32.00 -5.00 -3.00 24.00 35.00 -6.00 -33.00 1.00 27.00 10.00 20.00 2.00 -15.00 2.00 -30.00 -13.00 0.00 0.00 0.00 0.00 0.00 0.00 0.00 0.00 0.00 0.00 0.00 0.00 
543.00 -35.00 -12.00 68.00 0.00 0.00 29.00 13.00 30.00 -60.00 -6.00 -13.00 -32.00 -5.00 -3.00 24.00 35.00 -6.00 -33.00 1.00 27.00 10.00 20.00 2.00 -15.00 2.00 -30.00 -13.00 0.00 0.00 0.00 0.00 0.00 0.00 0.00 0.00 0.00 0.00 0.00 0.00 
543.00 -35.00 -12.00 68.00 0.00 0.00 29.00 13.00 30.00 -60.00 -6.00 -13.00 -32.00 -5.00 -3.00 -4.00 35.00 -6.00 -33.00 1.00 30.00 8.00 20.00 2.00 -20.00 -3.00 -31.00 10.00 0.00 0.00 0.00 0.00 0.00 0.00 0.00 0.00 0.00 0.00 0.00 0.00 
543.00 -35.00 -16.00 78.00 0.00 0.00 29.00 13.00 35.00 -65.00 -18.00 -14.00 -30.00 -28.00 -3.00 -4.00 35.00 -6.00 -33.00 1.00 30.00 8.00 20.00 2.00 -20.00 -3.00 -31.00 10.00 0.00 0.00 0.00 0.00 0.00 0.00 0.00 0.00 0.00 0.00 0.00 0.00 
543.00 -35.00 -16.00 78.00 0.00 0.00 29.00 13.00 35.00 -65.00 -18.00 -14.00 -30.00 -28.00 -7.00 26.00 35.00 -6.00 -33.00 1.00 30.00 8.00 20.00 2.00 -20.00 -3.00 -31.00 10.00 0.00 0.00 0.00 0.00 0.00 0.00 0.00 0.00 0.00 0.00 0.00 0.00 
543.00 -35.00 -16.00 78.00 0.00 0.00 29.00 13.00 35.00 -65.00 -18.00 -14.00 -30.00 -28.00 -7.00 26.00 40.00 0.00 -33.00 1.00 26.00 6.00 20.00 2.00 -20.00 -3.00 -31.00 10.00 0.00 0.00 0.00 0.00 0.00 0.00 0.00 0.00 0.00 0.00 0.00 0.00 
543.00 -35.00 -16.00 78.00 0.00 0.00 29.00 13.00 35.00 -65.00 -18.00 -14.00 -30.00 -28.00 9.00 -2.00 40.00 0.00 -33.00 1.00 26.00 6.00 20.00 2.00 -20.00 -3.00 -31.00 10.00 0.00 0.00 0.00 0.00 0.00 0.00 0.00 0.00 0.00 0.00 0.00 0.00 
543.00 -35.00 -16.00 78.00 174.00 44.00 34.00 3.00 35.00 -65.00 -18.00 -14.00 -30.00 -28.00 9.00 -2.00 40.00 0.00 -33.00 1.00 26.00 6.00 20.00 2.00 -20.00 -3.00 -31.00 10.00 0.00 0.00 0.00 0.00 0.00 0.00 0.00 0.00 0.00 0.00 0.00 0.00 
543.00 -35.00 -16.00 78.00 174.00 44.00 34.00 3.00 -1.00 -53.00 196.00 -9.00 -11.00 -17.00 6.00 1.00 39.00 -3.00 -33.00 1.00 26.00 6.00 20.00 2.00 -20.00 -3.00 -31.00 10.00 0.00 0.00 0.00 0.00 0.00 0.00 0.00 0.00 0.00 0.00 0.00 0.00 
543.00 -35.00 -16.00 78.00 81.00 16.00 21.00 -8.00 -1.00 -53.00 237.00 -67.00 -11.00 -17.00 6.00 1.00 39.00 -3.00 -33.00 1.00 26.00 6.00 20.00 2.00 -20.00 -3.00 -31.00 10.00 0.00 0.00 0.00 0.00 0.00 0.00 0.00 0.00 0.00 0.00 0.00 0.00 
543.00 -35.00 -16.00 78.00 81.00 43.00 19.00 22.00 21.00 -54.00 237.00 -67.00 -15.00 -21.00 6.00 1.00 39.00 -3.00 -33.00 1.00 26.00 6.00 20.00 2.00 -20.00 -3.00 -31.00 10.00 0.00 0.00 0.00 0.00 0.00 0.00 0.00 0.00 0.00 0.00 0.00 0.00 
543.00 -35.00 -16.00 78.00 81.00 43.00 19.00 22.00 21.00 -54.00 237.00 -67.00 -15.00 -21.00 9.00 26.00 39.00 -3.00 -33.00 1.00 26.00 6.00 20.00 2.00 -20.00 -3.00 -31.00 10.00 0.00 0.00 0.00 0.00 0.00 0.00 0.00 0.00 0.00 0.00 0.00 0.00 
